0.000000000000000000e+00 8.000000000000000000e+00
2.203592141251200717e-02 7.856811808803060515e+00
4.407184282502401435e-02 7.709541984953060201e+00
6.610776423753601805e-02 7.558190528449997281e+00
8.814368565004802869e-02 7.402757439293874420e+00
1.101796070625600255e-01 7.243242717484690729e+00
1.322155284750720361e-01 7.079646363022445321e+00
1.542514498875840467e-01 6.911968375907138196e+00
1.762873713000960574e-01 6.740208756138770241e+00
1.983232927126080403e-01 6.564367503717340568e+00
2.203592141251200509e-01 6.384444618642850955e+00
2.423951355376320616e-01 6.200440100915299624e+00
2.644310569501440722e-01 6.012353950534685687e+00
2.864669783626560551e-01 5.820186167501012697e+00
3.085028997751680935e-01 5.623936751814276214e+00
3.305388211876800764e-01 5.423605703474480677e+00
3.525747426001921148e-01 5.219193022481621647e+00
3.746106640127041532e-01 5.010698708835702675e+00
3.966465854252160805e-01 4.798122762536722874e+00
4.186825068377281189e-01 4.581465183584681355e+00
4.407184282502401018e-01 4.360725971979579008e+00
4.627543496627521402e-01 4.135905127721414054e+00
4.847902710752641231e-01 3.907002650810189603e+00
5.068261924877761615e-01 3.674018541245903435e+00
5.288621139002881444e-01 3.436952799028555106e+00
5.508980353128002383e-01 3.195805424158145946e+00
5.729339567253121102e-01 2.950576416634677734e+00
5.949698781378242041e-01 2.701265776458146028e+00
6.170057995503361870e-01 2.447873503628553049e+00
6.390417209628481698e-01 2.190399598145898352e+00
6.610776423753601527e-01 1.928844060010185268e+00
6.831135637878721356e-01 1.663206889221408247e+00
7.051494852003842295e-01 1.393488085779571062e+00
7.271854066128962124e-01 1.119687649684671271e+00
7.492213280254083063e-01 8.418055809367115394e-01
7.712572494379201782e-01 5.598418795356923106e-01
7.932931708504321611e-01 2.737965454816091437e-01
8.153290922629442550e-01 -1.633042122553440834e-02
1.000000000000000000e+00 1.000000000000000000e+00
1.000000000000000000e+00 1.000000000000000000e+00
1.000000000000000000e+00 1.000000000000000000e+00
1.000000000000000000e+00 1.000000000000000000e+00
1.000000000000000000e+00 1.000000000000000000e+00
1.000000000000000000e+00 1.000000000000000000e+00
1.000000000000000000e+00 1.000000000000000000e+00
1.000000000000000000e+00 1.000000000000000000e+00
1.000000000000000000e+00 1.000000000000000000e+00
1.000000000000000000e+00 1.000000000000000000e+00
1.000000000000000000e+00 1.000000000000000000e+00
1.000000000000000000e+00 1.000000000000000000e+00
